#t              L_tot_x        L_tot_y        L_tot_z        
          0.000       -153.188       -153.907        -87.968
          0.071       -149.651       -149.031        -84.080
          0.143       -148.740       -150.666        -77.873
          0.214       -161.717       -153.371        -82.655
          0.286       -165.839       -151.118        -76.417
          0.357       -170.675       -150.487        -75.273
          0.429       -181.402       -150.631        -75.836
          0.500       -178.039       -164.286        -74.579
          0.571       -169.403       -169.995        -71.407
          0.643       -172.770       -168.141        -63.416
          0.714       -174.809       -176.667        -61.394
          0.786       -181.678       -186.500        -53.540
          0.857       -181.013       -193.446        -61.503
          0.929       -184.710       -194.494        -71.915
          1.000       -201.734       -188.987        -79.514
          1.071       -199.200       -184.116        -89.485
          1.143       -204.697       -186.466        -77.578
          1.214       -213.988       -177.042        -86.323
          1.286       -216.441       -166.086        -72.346
          1.357       -228.198       -168.337        -69.400
          1.429       -206.599       -155.233        -62.293
          1.500       -199.973       -144.346        -75.958
          1.571       -210.276       -161.270        -76.525
          1.643       -207.575       -160.526        -88.880
          1.714       -208.164       -151.021        -94.393
          1.786       -218.928       -158.154        -91.575
          1.857       -220.918       -157.516        -93.849
          1.929       -217.836       -159.014        -85.919
          2.000       -225.977       -167.347        -91.777
          2.071       -230.706       -168.870        -86.835
          2.143       -237.683       -175.654        -84.871
          2.214       -239.702       -170.340        -86.766
          2.286       -240.395       -168.912        -90.659
          2.357       -242.278       -165.858        -85.382
          2.429       -247.742       -169.351        -80.439
          2.500       -243.629       -168.179        -64.662
          2.571       -252.906       -175.777        -67.393
          2.643       -246.358       -173.300        -68.499
          2.714       -242.367       -173.113        -62.500
          2.786       -241.189       -172.332        -55.175
          2.857       -232.311       -167.088        -54.386
          2.929       -238.460       -161.428        -55.945
          3.000       -232.883       -155.231        -57.851
          3.071       -219.774       -150.558        -48.071
          3.143       -215.168       -151.168        -50.822
          3.214       -206.504       -151.204        -51.955
          3.286       -201.527       -160.027        -49.207
          3.357       -196.933       -146.310        -41.378
          3.429       -195.124       -137.426        -33.485
          3.500       -174.930       -134.543        -23.645
          3.571       -145.190       -131.831        -25.031
          3.643       -140.242       -127.657        -28.798
          3.714       -127.502       -128.399        -41.414
          3.786        -93.565       -124.145        -44.995
          3.857        -21.768       -111.766        -70.914
          3.929         78.855       -112.800       -128.799
          4.000        207.723       -110.744       -236.535
          4.071        289.621       -109.289       -303.739
          4.143        280.093       -121.761       -318.155
          4.214        242.427       -107.472       -344.068
          4.286        208.670        -94.861       -350.339
          4.357        212.217        -90.823       -359.036
          4.429        218.041        -72.098       -387.841
          4.500        206.644        -81.684       -389.011
          4.571        186.999        -77.632       -407.667
          4.643        168.475        -72.528       -431.540
          4.714        148.929        -67.655       -450.466
          4.786        143.185        -64.127       -469.093
          4.857        119.356        -61.323       -465.251
          4.929         90.408        -53.654       -470.741
          5.000         99.230        -60.641       -477.150
          5.071        111.132        -63.992       -501.552
          5.143        118.169        -60.430       -500.922
          5.214        134.288        -54.135       -519.105
          5.286        150.212        -48.775       -542.577
          5.357        149.462        -57.278       -562.027
          5.429        169.702        -61.475       -571.273
          5.500        200.178        -45.069       -620.386
          5.571        236.524        -25.165       -641.817
          5.643        288.364         -1.467       -684.798
          5.714        307.018         15.832       -779.137
          5.786        370.250         72.442       -950.438
          5.857        594.457        356.998      -1931.152
          5.929        460.739        124.473      -1200.969
          6.000        298.940          0.328       -744.799
          6.071        215.453        -51.848       -536.344
          6.143        157.898        -96.476       -373.045
          6.214         35.807       -210.812        -46.800
          6.286        367.320        -59.249       -704.028
          6.357        344.169       -103.537       -567.939
          6.429        291.613       -136.148       -559.194
          6.500        307.174       -109.650       -619.277
          6.571        356.296        -84.077       -621.317
          6.643        363.554        -80.031       -594.951
          6.714        354.799        -72.341       -575.864
          6.786        317.843        -84.592       -559.989
          6.857        321.598        -81.654       -580.218
          6.929        324.995        -84.916       -566.136
          7.000        320.067        -78.517       -554.425
          7.071        266.669       -107.374       -524.174
          7.143        263.431        -92.946       -533.388
          7.214        256.052        -79.372       -555.239
          7.286        270.041        -79.391       -555.188
          7.357        255.735        -76.990       -552.887
          7.429        279.731        -63.188       -562.023
          7.500        267.391        -73.688       -550.108
          7.571        313.533        -62.597       -552.735
          7.643        289.341        -67.512       -555.933
          7.714        281.151        -64.937       -525.021
          7.786        249.656        -78.995       -519.542
          7.857        273.482        -56.522       -539.027
          7.929        236.544        -80.254       -516.686
          8.000        255.923        -71.604       -534.876
          8.071        273.749        -70.581       -565.095
          8.143        266.255        -71.524       -553.181
          8.214        280.362        -77.310       -548.133
          8.286        304.139        -57.754       -541.503
          8.357        322.322        -52.451       -548.833
          8.429        315.301        -56.603       -512.548
          8.500        325.662        -47.061       -518.082
          8.571        306.593        -51.892       -518.500
          8.643        265.438        -55.412       -478.166
          8.714        253.740        -58.166       -479.607
          8.786        259.935        -58.113       -485.210
          8.857        236.935        -57.326       -471.907
          8.929        230.385        -66.739       -482.314
          9.000        234.824        -52.234       -465.719
          9.071        248.157        -48.026       -490.385
          9.143        227.742        -52.700       -481.383
          9.214        230.603        -56.150       -477.456
          9.286        215.546        -48.207       -462.928
          9.357        228.435        -38.700       -487.787
          9.429        238.302        -27.455       -477.874
          9.500        261.484         -6.619       -478.775
          9.571        272.361         -2.567       -502.268
          9.643        290.343          0.434       -540.292
          9.714        282.543          3.227       -498.868
          9.786        282.884        -14.880       -545.871
          9.857        269.336        -10.137       -536.042
          9.929        304.385          3.234       -553.837
         10.000        277.740          7.281       -544.944
         10.071        294.713         22.260       -533.311
         10.143        327.575         37.548       -533.589
         10.214        308.195         15.742       -541.239
         10.286        303.061          9.538       -523.798
         10.357        294.369          6.405       -533.105
         10.429        282.099          8.261       -518.460
         10.500        267.685          2.020       -494.115
         10.571        237.354          3.192       -488.130
         10.643        254.592          3.768       -492.773
         10.714        252.549          4.231       -500.641
         10.786        248.578          6.372       -473.468
         10.857        257.341         10.339       -489.821
         10.929        303.818         33.518       -505.940
         11.000        316.871         36.713       -521.189
         11.071        293.844         27.080       -508.943
         11.143        329.063         40.692       -509.064
         11.214        313.538         44.417       -500.408
         11.286        305.249         34.474       -503.356
         11.357        309.316         43.769       -509.622
