#t              L_tot_x        L_tot_y        L_tot_z        
          0.000      -3909.349       -250.892     -33486.845
          0.071       -770.608       1606.960     -28474.837
          0.143      -3597.759       4852.503     -19964.280
          0.214      -6706.640       2163.848     -32791.221
          0.286      -1060.319      -3385.911     -47715.817
          0.357     -13259.457       -259.761     -35453.841
          0.429      -1993.841      -4516.258     -42356.966
          0.500       2441.502      -1558.715     -35818.367
          0.571       7648.046      -5371.529     -42274.434
          0.643      -8127.568       3810.738     -30245.449
          0.714       2845.376       -699.645     -35077.820
          0.786      14174.499      -4095.416     -39197.594
          0.857       6834.419       -289.539     -31933.515
          0.929      10642.536      -1031.758     -29520.869
          1.000       8811.028      -2654.513     -51894.293
          1.071       3661.559       2629.767     -46090.421
          1.143      12454.651      -2052.383     -49735.604
          1.214      13742.790       -434.015     -46439.048
          1.286      10739.646       5318.922     -41486.916
          1.357      12267.761       1794.506     -51126.790
          1.429      11859.152       -316.480     -60709.327
          1.500      13957.935       -293.893     -54162.998
          1.571      16223.840       1963.463     -42261.875
          1.643      25308.596      -8667.846     -53077.091
          1.714      21222.273      -2839.614     -60319.034
          1.786      24377.187      -8862.713     -50595.799
          1.857      22716.235      -1722.764     -61728.975
          1.929      18058.876       -441.450     -65961.426
          2.000      27568.771      -3402.281     -58532.050
          2.071      24318.619      -2259.617     -60625.697
          2.143      22509.406      -8654.774     -71782.943
          2.214      28226.734       8020.233     -80001.507
          2.286      39293.340       3109.348     -88793.418
          2.357      43794.262       2751.540     -90412.718
          2.429      51954.308      -4110.219     -94535.322
          2.500      56299.194      14330.346     -98288.125
          2.571      52145.536      -1327.147     -95175.044
          2.643      62590.161       -733.317    -122157.554
          2.714      56961.486        721.249     -99627.159
          2.786      82458.903      17920.064    -120685.413
          2.857      52345.773        698.651     -99534.866
          2.929      62537.497      10372.834    -105995.920
          3.000      97028.183       3609.682    -159212.435
          3.071      79398.850     -19652.854    -157220.879
          3.143     127464.859      23897.306    -171188.493
          3.214     135814.514       3160.979    -205523.064
          3.286     138998.320      -4256.519    -219859.873
          3.357     155387.824       7770.852    -222347.324
          3.429     208728.113      25134.608    -260758.372
          3.500     231323.985      16233.280    -301995.945
          3.571     247888.256      32687.672    -292821.473
          3.643     285008.013      18639.614    -369792.745
          3.714     355778.240      81988.332    -320898.009
          3.786     520249.223      66384.326    -586099.175
          3.857     372467.059      56204.985    -486187.188
          3.929     520525.719      82063.155    -568050.992
          4.000    1910912.942     338908.515   -1496369.929
          4.071    1860945.861     324352.741   -1565002.729
          4.143    1907862.434     321202.375   -1614225.655
          4.214    1670868.078     293697.838   -1626551.785
          4.286    1775130.235     281213.361   -1447813.567
          4.357    1622901.516     276597.032   -1448612.109
          4.429    1568739.264     278074.412   -1435915.343
          4.500    1495247.403     224991.023   -1317139.705
          4.571    1392978.832     263361.073   -1346851.865
          4.643    1383515.632     248754.001   -1325492.403
          4.714    1330415.903     231802.438   -1254031.521
          4.786    1238914.079     286319.006   -1296306.528
          4.857    1237864.806     344801.374   -1369172.342
          4.929    1286913.836     274669.912   -1315369.970
          5.000    1277560.866     268517.242   -1288508.691
          5.071    1280800.779     300883.040   -1337505.601
          5.143    1323547.637     284594.906   -1348930.471
          5.214    1016019.491     178142.952    -930262.182
          5.286    1019355.991     189048.924    -942204.802
          5.357    1044808.589     190297.277    -932352.194
          5.429    1257945.300     443719.498   -1390891.085
          5.500    1345609.977     431308.045   -1488170.219
          5.571    1326159.278     424176.022   -1563173.119
          5.643    1367234.093     432794.817   -1604292.041
          5.714    1444358.813     447144.095   -1897181.985
          5.786    1139829.674     253521.455   -1163969.157
          5.857    1137507.998     246923.350   -1198314.882
          5.929    1215052.727     248209.136   -1202524.468
          6.000    1106105.749     237113.894   -1144479.245
          6.071    1077708.481     236471.570   -1109249.564
          6.143    1116875.390     239572.730   -1095406.022
          6.214    1104086.668     216656.265   -1047871.499
          6.286    1037031.123     186245.588    -999715.594
          6.357     976540.820     220939.630   -1016641.608
          6.429    1022580.600     247950.333   -1046570.779
          6.500     967722.973     154247.300    -514358.891
          6.571    1068505.888     195269.644    -647371.376
          6.643     947498.154     219900.320    -971892.150
          6.714    1052473.419     234377.285   -1035576.303
          6.786    1015484.108     208190.834   -1003518.014
          6.857    1040653.697     219970.454   -1025018.520
          6.929    1064947.496     207971.476   -1033321.617
          7.000    1153418.630     241376.520    -874979.079
          7.071     669209.828     104995.153    -913665.008
          7.143    1273545.523     288357.473   -1071566.469
          7.214    1085349.455     223505.444    -950017.588
          7.286    1170473.112     251922.122    -964918.029
          7.357     891295.358     172842.279    -969046.817
          7.429    1315902.606     317419.785   -1342110.957
          7.500    1282067.183     302163.345   -1270941.153
          7.571     871297.475     190057.478   -1370496.741
          7.643    1074766.051     237681.002   -1217020.989
          7.714    1139955.591     268231.458   -1361330.751
          7.786    1171179.347     255624.424   -1082366.550
          7.857    1073113.638     228830.705   -1073734.976
          7.929    1152783.065     247328.905   -1043974.084
          8.000    1028295.803     191922.963    -773636.351
          8.071    1367047.678     288232.820    -916135.256
          8.143    1056094.904     224241.939   -1069071.944
          8.214    1006817.032     210796.429   -1057955.425
          8.286     914512.685     182509.580    -981781.909
          8.357    1017057.538     213853.546   -1078068.707
          8.429    1017519.293     230552.530   -1251200.975
          8.500     891794.968     188929.380   -1233478.622
          8.571    1073246.943     224987.486    -905846.168
          8.643    1068223.104     229287.866   -1135682.084
          8.714     784797.297     151947.706   -1032964.996
          8.786    1277718.968     284191.507   -1197253.791
          8.857    1123780.012     248793.700   -1272757.683
          8.929     827307.744     168351.823   -1054659.917
          9.000     989700.735     211717.865   -1117736.881
          9.071    1028500.018     213280.546    -966937.325
          9.143    1022792.182     124898.073   -1063567.797
          9.214    1008047.317     217024.542   -1151747.166
          9.286    1192106.685     257127.490   -1144149.374
          9.357     866568.939     195598.870   -1319435.445
          9.429    1007883.709     211831.998   -1032168.195
          9.500    1091502.134     234159.543   -1141354.921
          9.571    1275370.538     268956.199   -1059549.401
          9.643     992865.600     213198.187   -1141438.357
          9.714    1172695.485     239415.234    -905519.527
          9.786    1259793.322     264632.361   -1105430.490
          9.857     947342.336     193522.191    -941845.419
          9.929     935838.606     198554.047   -1121728.688
         10.000    1164490.205     243750.781   -1083062.619
         10.071    1083909.314     224716.918   -1041762.995
         10.143     721644.345     149804.601   -1114894.319
         10.214     682208.755     139415.621   -1020832.990
         10.286    1084754.602     250456.264   -1094542.775
         10.357    1094637.794     255359.978   -1095906.028
         10.429    1077920.083     228122.606   -1128727.221
         10.500    1064594.730     275415.309   -1093951.399
         10.571    1116133.481     267994.171   -1083433.566
         10.643     987069.205     206258.039   -1025676.617
         10.714    1328594.802     279891.023   -1219080.370
         10.786    1118156.351     233688.668   -1135362.845
         10.857     928539.688     193115.980   -1042583.672
         10.929    1048144.771     218033.359    -993193.148
         11.000     988886.705     208470.426   -1220495.312
         11.071    1028704.654     215270.961   -1128270.821
         11.143    1172308.816     244352.061   -1289475.844
         11.214     725218.080     159112.045    -989832.838
         11.286    1302989.489     266511.516   -1161675.728
         11.357     924464.041     195405.187   -1280814.951
